PUVL 0.1 10  0 0 0  0 0 1  1 0 0  10 5
CUVH 0.1 10  0 2.95 0  0 0 1  1 0 0  10 3 0.1
CUVH 0.1 10  -2 2.95 4  0 0 1  1 0 0  2 1 0.1
CUVH 0.1 10  2 2.95 -4.5  0 0 1  1 0 0  1 1 0.1
CUVH 0.1 10  2 2.95 2  0 0 1  1 0 0  6 1 0.1
CUVH 0.1 10  -2 2.95 -1.5  0 0 1  1 0 0  7 1 0.1
CNPH 0.1 10 4  1.5 0 -1  2.5 0 -1  2.5 3 -4  1.5 3 -4  0.1
PUVL 0.1 10  0 6 0  0 0 1  -1 0 0  10 5
PUVL 0.1 10  2.5 3 0  0 0 1  0 1 0  10 6
PUVL 0.1 10  -2.5 3 0  0 0 -1  0 1 0  10 6
PUVL 0.1 10  0 3 -5  1 0 0  0 1 0  5 6
PUVL 0.1 10  0 3 5  -1 0 0  0 1 0  5 6
#PNSP
#CUVH
#CNPH